%Time (s)	Torque (N m)	Rotation Rate (rad / s)	%2/3/201711:54 AM
0.000	0.000	0.000
0.200	0.000	0.000
0.400	0.000	0.000
0.600	0.000	0.000
0.800	0.000	0.000
1.000	0.400	0.000
1.200	0.400	1.327
1.400	0.400	6.291
1.600	0.400	13.501
1.800	0.400	20.656
2.000	0.400	27.536
2.200	0.400	33.968
2.400	0.400	40.197
2.600	0.400	46.362
2.800	0.400	52.221
3.000	0.400	57.782
3.200	0.400	63.696
3.400	0.400	69.044
3.600	0.400	73.608
3.800	0.400	78.548
4.000	0.400	83.684
4.200	0.400	88.538
4.400	0.400	92.669
4.600	0.400	90.878
4.800	0.400	94.845
5.000	0.400	104.434
5.200	0.400	108.652
5.400	0.400	119.899
5.600	0.400	116.003
5.800	0.400	112.767
6.000	0.400	124.211
6.200	0.000	127.384
6.400	0.000	129.332
6.600	0.000	130.235
6.800	0.000	128.774
7.000	0.000	126.748
