%Time (s)	Torque (N m)	Rotation Rate (rad / s)	%2/3/201711:51 AM
0.000	0.000	0.000
0.200	0.000	0.000
0.400	0.000	0.000
0.600	0.000	0.000
0.800	0.000	0.000
1.000	0.100	0.000
1.200	0.100	0.448
1.400	0.100	1.704
1.600	0.100	3.236
1.800	0.100	5.294
2.000	0.100	7.673
2.200	0.100	9.692
2.400	0.100	11.718
2.600	0.100	13.737
2.800	0.100	15.826
3.000	0.100	17.852
3.200	0.100	19.988
3.400	0.100	22.219
3.600	0.100	24.135
3.800	0.100	26.122
4.000	0.100	28.149
4.200	0.100	30.041
4.400	0.100	32.186
4.600	0.100	34.267
4.800	0.100	36.128
5.000	0.100	38.194
5.200	0.100	40.181
5.400	0.100	42.082
5.600	0.100	43.943
5.800	0.100	45.907
6.000	0.100	48.161
6.200	0.000	50.116
6.400	0.000	51.184
6.600	0.000	51.302
6.800	0.000	50.800
7.000	0.000	49.873
