%Time (s)	Torque (N m)	Rotation Rate (rad / s)	%2/3/201711:55 AM
0.000	0.000	0.000
0.200	0.000	0.000
0.400	0.000	0.000
0.600	0.000	0.000
0.800	0.000	0.000
1.000	0.500	0.000
1.200	0.500	1.170
1.400	0.500	5.930
1.600	0.500	13.155
1.800	0.500	20.334
2.000	0.500	26.900
2.200	0.500	33.474
2.400	0.500	39.992
2.600	0.500	45.828
2.800	0.500	51.687
3.000	0.500	57.475
3.200	0.500	62.965
3.400	0.500	68.699
3.600	0.500	68.895
3.800	0.500	72.909
4.000	0.500	83.001
4.200	0.500	87.627
4.400	0.500	91.232
4.600	0.500	95.591
4.800	0.500	100.256
5.000	0.500	104.175
5.200	0.500	108.008
5.400	0.500	112.367
5.600	0.500	115.658
5.800	0.500	119.333
6.000	0.500	123.386
6.200	0.000	126.268
6.400	0.000	128.334
6.600	0.000	128.279
6.800	0.000	126.575
7.000	0.000	125.931
