%Time (s)	Torque (N m)	Rotation Rate (rad / s)	%2/3/201711:53 AM
0.000	0.000	0.000
0.200	0.000	0.000
0.400	0.000	0.000
0.600	0.000	0.000
0.800	0.000	0.000
1.000	0.200	0.000
1.200	0.200	0.730
1.400	0.200	3.432
1.600	0.200	7.556
1.800	0.200	11.844
2.000	0.200	16.061
2.200	0.200	20.287
2.400	0.200	24.473
2.600	0.200	28.856
2.800	0.200	33.160
3.000	0.200	37.110
3.200	0.200	41.045
3.400	0.200	45.098
3.600	0.200	49.331
3.800	0.200	49.747
4.000	0.200	53.226
4.200	0.200	60.366
4.400	0.200	64.238
4.600	0.200	68.070
4.800	0.200	72.029
5.000	0.200	76.113
5.200	0.200	79.702
5.400	0.200	83.268
5.600	0.200	86.716
5.800	0.200	90.533
6.000	0.200	94.515
6.200	0.000	97.884
6.400	0.000	100.798
6.600	0.000	100.688
6.800	0.000	98.999
7.000	0.000	97.947
