%Time (s)	Torque (N m)	Rotation Rate (rad / s)	%2/3/201711:54 AM
0.000	0.000	0.000
0.200	0.000	0.000
0.400	0.000	0.000
0.600	0.000	0.000
0.800	0.000	0.000
1.000	0.300	0.000
1.200	0.300	1.280
1.400	0.300	5.686
1.600	0.300	10.846
1.800	0.300	16.894
2.000	0.300	23.892
2.200	0.300	30.136
2.400	0.300	36.113
2.600	0.300	41.822
2.800	0.300	47.682
3.000	0.300	53.336
3.200	0.300	58.991
3.400	0.300	64.717
3.600	0.300	69.578
3.800	0.300	74.542
4.000	0.300	79.812
4.200	0.300	84.297
4.400	0.300	88.750
4.600	0.300	93.462
4.800	0.300	91.625
5.000	0.300	95.614
5.200	0.300	106.366
5.400	0.300	110.144
5.600	0.300	113.592
5.800	0.300	118.909
6.000	0.300	123.708
6.200	0.000	126.104
6.400	0.000	127.250
6.600	0.000	127.447
6.800	0.000	125.994
7.000	0.000	116.537
